471
160624891 227438804
618476482 166588841
750383996 80045671
86719109 170810659
588673 31214289
774175837 228761218
60298901 40782779
59127271 300170623
265532961 412897361
599588801 739975607
62942166 354229305
724644574 384654845
19781945 51463171
538268221 164798053
79226902 155121576
44454711 210585593
79164632 112994051
96986317 167495329
70049365 104820141
124119173 247633338
736543767 6792280
315509167 6563281
355255807 639452077
45324973 39769081
428844993 369470526
289096082 151989993
262040563 374688497
510479263 367334641
365953745 125472625
813731601 16639825
329204926 173552926
292578021 772325011
97923697 70734210
53181305 429261485
247680961 67293871
759643081 479422441
187127422 78928074
76536993 291593050
868154812 429205679
921279 410469609
77472235 204604166
476869033 308017201
179959945 575606181
56337865 118964258
253608385 527565455
129500484 144553801
241293420 887031469
336313153 819900481
905372703 767395321
164010617 159278107
192073276 47028737
368775421 2934361
214215989 628543495
178585681 605689729
542862721 11578777
941191777 111561180
403750 359471071
40804831 924584311
131053724 380434797
178099307 47383591
11744566 368366311
405986053 16945426
532294083 2364319
150838641 856136773
231346909 64865817
177760113 21791164
391897121 586544815
52164481 148131469
147781708 93231251
77796092 453770175
192871001 54946704
592328387 597254779
438469316 194501704
346168721 98565104
2753521 75071946
302554789 7916626
224803951 120703051
175555117 86600650
123999713 26758939
7908091 535013557
131840526 18978510
604763545 93167929
41169577 643066117
3130889 698753035
105157141 634331501
158516065 473799861
380981377 132436591
232852886 1806400
10325701 332152786
75002357 153648685
855562226 811993881
547878331 440689473
431991 8943013
216727197 597934269
632047874 336113506
405037125 25508305
257287247 438707361
718350040 77193649
823798361 713482925
131001337 3387073
568059485 192288001
317148965 7197841
477348266 56706355
579943046 204050224
58319156 23472931
728535710 11850911
480126385 220338805
491577511 5247991
877082956 82129797
40739265 143702352
214270761 640451631
577488811 283722901
47235492 274763987
318195697 115016239
582606276 542052973
378688961 653162623
76000961 156470211
139834297 717151760
300491983 84853470
282403948 272068164
325368499 436217145
185412931 349705071
623085041 405247153
242546118 863381001
301628971 363289439
3566998 659322566
86760703 705279169
45247661 371247656
179658305 83177737
34747194 197198983
100769289 49499821
48731215 426041053
52671169 48988153
109002181 51215383
13893391 71313113
817520221 558669158
806367052 69233389
40242434 105451685
207229049 222648777
180160819 1929033
52195432 92360152
514576461 406540609
439877398 478740486
3306817 659042364
401442361 15258151
961854641 140065201
80279683 82039501
116268609 216874591
152055901 46383259
481414827 434499671
166096861 262025303
138883553 621561348
118310271 4053278
447887821 466874453
154113649 382927429
298405614 217699161
2161268 49919651
748949137 91883953
756952966 55944737
965491273 649130626
329342761 60021723
162691201 516642701
27086221 220643953
244857692 613238419
336176166 231675347
56032369 167856781
144120185 182736826
211005562 10659001
328705456 691411765
743487876 23280001
201174964 8326203
12539787 378879856
406351726 419140569
640785553 361021697
43388056 487179001
75943695 246541969
532757779 110926725
259606153 231473730
91923217 5290561
254597689 702355141
67028581 208849866
526965458 493861446
123755732 53880576
79261819 95393041
9572665 288457578
138863107 75663435
169835957 267823242
599944403 79913661
207272625 664410897
334072993 86889026
222103 55245241
448561983 408361271
102166345 100362862
123731189 662511538
52671732 88325497
330923041 26813619
391241176 304158898
497912741 1191377
504227307 213311233
78717925 236865041
350509793 92323739
23551373 14359941
630691183 634369
572616001 34523557
45392521 263680964
975591339 75045362
136011727 1786305
185243151 360049141
304036560 68259349
665298277 200869439
233648125 519214357
600258122 711723921
681421099 262179316
86630781 9946701
10806643 90503029
108424063 452802055
168690291 76701490
259447291 179525017
836137581 395174272
159086562 117442041
63612001 152456044
177097129 5552461
376545361 990845015
752289526 364185468
181457072 72526081
37882172 3914488
22140001 328369821
43763410 390207907
12508021 282184725
819969948 612166204
272801537 615676990
48093473 59934611
143143201 59613181
4293361 7568819
290048717 226973590
266908170 93804161
436208857 9800967
313183181 4201653
695116521 177120285
464861596 10517782
593879114 440857665
228095105 377159761
613867103 413726731
478239061 257822426
57178753 278009985
37270967 754792025
311848041 46587313
193877485 35446951
16713867 66985941
203489785 252105037
12799151 479055969
19346581 224985905
196249997 376366250
284071537 82422422
30900731 324995417
33326801 82830031
194218337 322809817
91344986 364498817
503569201 17510641
36974841 232175674
157976071 32364001
126249187 354796045
264581769 64770161
184042621 828315775
424509595 121434231
170494669 173364729
143392285 48308951
729375676 185414401
415006922 663213349
130810797 327101219
301619471 52421545
56217514 211256506
185729463 717750303
9240805 258765409
3650323 114775501
753999291 57843616
100904203 214661785
361180891 850616999
557562622 69776599
24123451 463204725
738505465 168064359
145761650 189836056
555188721 57398963
243195877 24666049
53301793 821097553
270525319 659375761
196611431 938433895
467564324 338040545
453357503 180185929
136878001 727042130
6427233 73075231
731313189 452945221
506466245 110226496
16992448 3919985
78956599 358804097
650823751 109137895
151459441 118290787
164764569 499641671
29453173 399877321
371738821 272677631
581986645 493152622
441947353 16119601
499970985 288439702
445736626 613088981
30025512 915785477
189928953 283810801
897232393 328059777
179242327 39630581
181328725 144434989
1925756 342311029
298713457 104576055
108733885 98376849
282841477 216541111
583570065 260982019
125495943 80600929
124463699 367040739
462887987 225224671
344840653 74057394
955317883 484116227
425760581 133825960
137861438 304316021
206855937 45823969
292778221 47157521
149138145 477891070
77427827 422758660
308617609 521725213
140721786 83748393
755532831 614122587
116292894 25968473
40549251 89947633
611557837 34844706
299010115 31381260
369078685 337420709
153481474 917648441
871157821 504349309
70758031 118824465
398612251 562267135
57673281 9421368
141938773 90076869
255209501 37577011
123030751 383202051
264855754 817138287
168032635 283513001
116171941 481551181
283570841 247175539
43989371 71416993
577061 49650193
141033281 536942825
160580701 32670541
413358370 54570727
649593001 369464061
92721873 210119329
104955538 141513550
816056424 735683061
484780213 541779029
501271072 352293635
365375456 737285165
704696599 81032801
395800210 691218979
299247649 432436201
22992441 36253649
49838814 234719517
56120331 594688501
83756251 597542801
656513461 352083098
127813628 45539731
43704431 10396793
100112641 819689653
785087631 17305348
53990641 49397895
24653731 645694827
47211091 107077361
141591297 126393158
96073901 37654444
652020461 89053689
233913626 598943754
156724338 842025833
78588505 22089217
869449333 87902211
36941092 251874689
14610450 29392081
217277137 59239782
185902121 22113513
704107883 177413446
315829893 808134679
462061666 6607597
836342545 250450399
675053919 16187687
272361226 467907237
5366158 592017988
150376276 480850237
41063264 40758301
81331921 328163649
709688386 334843402
396590449 215407231
143759617 84942299
121752097 497752521
671218879 458748565
130863617 555110241
47712691 380703101
282666272 132447627
211669609 62939495
106110726 49681837
218364933 1688929
6907831 739037104
763871001 597887346
213047333 571847917
116332137 269265797
389734905 205038795
321639265 302892661
366122710 204802437
432393921 4069437
91394251 705364014
210832701 365790493
97113601 742410559
673281050 405456153
173890153 316487841
501310921 176306761
691053169 111654753
500027894 721725331
536902801 79804234
246332638 24326461
922144707 122541505
100333684 683606017
184871641 306337148
150827656 248323286
62639851 77298400
1385236 546599946
409571670 111613711
595494253 513373843
876951251 417823264
5881897 78320539
499704310 446399899
16105801 130025533
83707821 353853801
764750001 5370472
59301883 96992439
193256941 104219869
13326155 528802001
686814871 54768478
923678941 9525721
119298537 444761717
35938513 259893589
1418068 186664919
7512031 40260207
381127132 285009250
257093761 3322936
400716541 734890417
75484284 632855881
683651541 165349657
177837681 83143243
14189743 461306921
709353649 522512581
707955541 420946051
606412801 292359133
520315732 130201369
510668201 323056658
590604691 658988953
287740440 617199119
680609530 338192266
381499729 294447909
495633833 39567583
151530723 577445770
208212801 388060120
55534717 330853537
5761069 106820097
429575731 306918775
940832821 5120398
112420483 232190497
273293881 205596603
216940504 283948774
4462
437658653 128278125
66451843 85564927
66719317 379770864
89645565 2963116
239375051 728906273
418641211 329977129
376898068 264282767
28403105 37394715
677933500 336198801
703453037 522364823
98033692 327211801
490895777 29958091
519558213 613531504
147703876 115610489
198793681 20068192
177046703 149137471
452709156 432404090
371904905 182397137
84083717 117082807
50609 23050958
432542881 10820077
83700017 682068429
78958603 114331849
76777037 113846041
483841829 750962353
340336636 112843207
7360705 667983733
603773584 97670907
334699 116862381
398920693 450320155
841994379 9958107
487270848 372438153
75570041 29477471
397050037 4673289
76544963 224633410
5204461 245042351
426809324 98363761
235013725 49046757
66641752 205813046
300033265 502133984
175485847 95266101
21676461 410867386
557913746 136024894
36976321 104813773
326316390 351104788
490591426 370803721
612769347 499070089
157344833 260156104
308061421 407361448
63331127 90246085
746472065 84587760
15853971 526215649
111375829 281954937
895028226 47502505
879767463 260422047
612958096 10841315
10568511 592582761
214818529 608144482
3747901 707405803
498071085 193913016
176143806 49008783
87800851 268637695
135098966 80700769
437780806 271091305
285348106 34748983
537331483 79338304
161902714 19038571
2482231 48873934
159786199 156289601
859731797 152860441
572372055 250351037
96059081 141859857
65659771 256219081
59574341 77173537
65523081 432459444
585132025 10335739
411733076 84046756
26983489 332021845
467262361 36847603
137638969 677654891
597314033 871333
417872101 136055096
644282097 639003311
104383577 441392593
130827231 17612596
293747056 30251255
180504984 281261
140965150 108006853
499803508 215621882
37608247 254177939
56385273 158804451
290137267 47847809
443963679 305624529
356161051 27562450
217356945 123895157
344014189 265916125
55271360 33774565
657138105 519452505
487144555 12706169
50285119 207239827
17002069 766576461
676985695 209622137
229436623 314243281
457146185 214269993
108325096 87072799
383381831 200117776
53901233 177917360
128040711 390563773
561752516 449695435
213184885 18428658
2304496 75526046
383425481 294849743
347759501 656950001
810039021 310935495
133429213 900101179
221618333 573297805
54637605 335757511
36974448 125452545
789104609 806434621
831719681 37121969
112534223 803877790
615322471 15772527
244578601 273570641
283459777 8263956
296423271 740445427
12515353 673419813
91878333 446388945
187469931 192904631
139109301 39118015
251804737 271529881
44315753 178810122
16648577 9729841
45417373 548291341
152044561 141867697
673215745 16207111
42072823 439834642
175097902 266500750
1309881 552739097
717072920 240388126
33827201 211488313
707566626 50025925
537381808 385827073
561633731 788785561
661463961 1016611309
247711285 146877463
595143338 220117591
52561414 132393217
89314954 49951001
56641715 110299445
37685271 12887755
156938401 252018327
113425357 1001846314
87778223 225698415
40638346 860316009
753151345 608690137
485047833 12752955
385539468 336812221
11849741 439479657
190647051 50495945
37541825 48586161
16510697 280694009
54886465 750394141
580233623 68814768
421067531 515749942
206074821 57775033
578231746 14787037
555573318 347719609
466927417 697453
803302210 470914489
405733775 195464641
299254826 183110633
62412001 1357139
389971581 316208065
5353186 249680935
7778417 838371352
67869176 139534669
26980466 50093751
195897549 920029757
131931306 4785643
148373806 73660445
269095117 149337269
147347251 430459201
163667131 401200129
378243636 812737747
138402018 110958145
49648761 229261201
146175841 22529289
297017745 164379280
316566979 676304345
89820193 308771713
61000593 124890954
33389321 9825394
304223802 600148563
282067545 17447949
500533149 753073201
34464795 364642385
650792869 617025757
268186201 60037120
516059203 294184621
138382561 17932086
313183627 617705461
343615868 115477858
128194481 151818447
63885221 18004141
450455185 286020909
321893273 11643364
100712965 781039603
4451329 139074466
141833953 282628389
182012381 268377787
332218228 1817803
427442958 500130876
1016151445 43189721
540960201 44824649
17165107 465553087
292525318 374009065
118459235 118601953
321380105 216750889
943809417 559582081
855716401 21954121
55542037 181807358
455396516 204866797
252921202 269527367
233148046 216732716
74963300 229163257
25838926 119193971
107650167 144855502
274986177 498327931
102897873 15011242
609393195 61827270
2285329 241412453
191749403 294806633
314234971 678975359
199808753 350928649
348819669 166708767
254495101 626052007
6807906 37173461
727797505 517610640
557261599 63416401
3949163 203635731
247311310 317423577
99619601 333798945
37246081 50892391
795562050 479773876
166362260 175106296
235939001 481636997
892291328 11397651
797886769 290082395
306659221 222606853
798004501 52373113
877184309 2835169
508701235 167628348
193403809 254719396
137068625 174534913
216589759 235963716
2474029 325869601
226798817 298681
133670281 334251457
434791831 695940049
751876849 50737701
200171197 73701361
379819620 146615221
641976205 57368783
603911 262792567
466467841 53131247
224302671 178769529
591093276 144462981
220057641 66404703
216705997 234892393
252920971 172892707
55113472 384730963
91627411 11827729
558093751 45843409
266909989 728403250
365086337 68651556
37246451 984170251
105211233 99180561
231182653 263329981
98936691 331480381
348424129 578787316
382280339 31695037
70099163 313040161
338693761 418371166
236258233 451326635
198011921 15069121
70367591 512098670
46826313 924775281
115147852 553619721
59700917 60566281
496698235 448666973
74204469 85750021
301705561 213203985
4850875 444682801
20064521 20336916
259207417 317428233
66855671 151601705
102475724 264236556
326664426 26752601
285186154 710629989
146339577 894186673
2041492 234294433
23129925 758808001
132425001 13987537
127279766 440478761
561740530 948208513
137810920 256221604
707635165 188016801
294030641 78133541
236560717 31405681
535383159 81501857
68468395 42308475
179906889 152241662
183976001 689921316
65521701 481660201
213967573 119719951
486311926 815864072
961154767 659734626
443449081 278589781
149815297 41722061
556100899 354903056
325748071 57045001
25939915 526181569
53019050 420062185
112429201 350235211
65312443 135781273
337682101 69989701
22923265 478921069
338312649 331637941
57707369 705717306
323800597 7619959
146270977 546356721
159555841 41726007
587914687 183395829
157857877 100358578
139037356 196596381
473684086 95852847
123987109 632952820
229851524 97418413
51724465 733050865
10576279 164487873
227345311 4662362
775284316 149061441
27740161 284113929
130936501 12352737
497089031 75946033
163222390 308310296
29991289 224557071
3817909 25350785
467478721 189316129
292359489 35743031
386300944 25805171
732291847 138484921
563652139 382502605
26556271 4676283
694893165 455793076
408957616 756596857
22525033 276910124
224853121 194045985
8885899 25601297
27718791 62678449
199925734 87355009
118404287 599157430
421280641 330457402
200228673 5396041
120410559 35461375
55347551 34727119
749067697 251138830
299256508 113812931
399087751 739367359
92758763 158017209
90229663 122813782
160895273 199345321
9703639 807961386
71213269 111118089
762062666 419113505
1008183 568497924
69629883 357431873
109840521 772270513
137344593 219954301
283497109 441588676
240504631 191779585
487996489 791083537
238128058 265142337
138393226 1880326
327244051 124716561
146888831 4731073
312981951 682972701
275673861 248992605
301353496 15491901
137698017 360429751
205361338 301960807
476225469 79396969
11053673 98281471
454322201 256888816
300437992 731204881
69357274 613878013
19734785 324251545
453636261 40442009
163174057 806251069
382696963 168362497
19633023 362418705
174798616 711987219
173959446 390847762
80876676 98517511
46669864 85225915
31437794 531704335
485554224 5820013
1584600 439976701
29354452 79001470
675678421 93186523
72414577 208060315
121506724 480602057
724380049 213619440
29614327 727884771
191510099 29179891
131185601 292708004
341496461 681072211
295266971 218665585
124370429 20668669
244584795 532134598
733952017 588771886
64295335 75408901
1021567093 646273537
539907894 34133095
139384507 200449333
372827545 223671424
61472914 136275968
116967345 33387901
72045854 206741221
63162631 402049025
321803246 8580979
438860101 87463803
420848689 8362747
522319501 189005231
40099642 322872623
889287659 453094614
12637318 920974537
4560757 13679828
273205441 109587856
108664901 282919081
631134307 577673338
196656929 552923029
336792473 795797668
70003684 337351456
233117983 11462249
23885393 29167761
56949651 39088522
15567817 821560929
168675528 256724094
3002861 385031025
37299585 3033121
198711811 127394431
224307476 78647401
520143107 117720473
847375907 786713981
220028929 196625537
108480989 460053853
518141 268612725
19221561 349783426
15531444 16697476
177907733 829960561
466543107 45550415
370209126 432523089
287637363 137433739
479966761 68969831
11946133 7497919
827746869 361754371
84006065 69944367
100627081 573453175
94509853 627949001
518185571 149725406
470181281 467984713
622214245 474615213
114379201 599746827
24332617 417261001
121689613 54137617
119277308 493282903
605681545 163497466
634344673 606911761
574401955 287137551
550350901 589997717
16337461 27191055
64304836 30557521
247231171 153432
170960161 598069759
190060174 143864591
326926016 576910985
88892882 41190445
929467865 283252684
467647441 70967557
7345141 86468751
73349351 328234174
170080063 138083101
399353781 347848986
137163907 260810421
302860985 355814776
35829081 256229821
888527622 122889907
293996375 69430024
101630149 35737576
370952737 565922561
282741862 206271032
453326945 98861449
92224458 823029
373066966 371130581
19983943 38939510
303240317 46764587
5467981 464189356
611169211 206999751
227283855 391262537
629025679 480652761
15612461 162314265
290799283 138537946
282318193 293799421
408299201 131046319
47366101 216109519
493617297 303535345
252553561 43589296
131558701 103384143
439142669 594093709
310815681 481577239
366380015 575543278
272283964 43767439
518478997 237324601
345659611 144498289
702532311 381828021
76805289 461667073
97490813 238670671
546537 395544547
455643103 225284409
349073253 251974747
6492225 958688173
319315228 60202565
530286241 49681545
19127941 312494941
601683132 502385965
263176681 398700901
174764245 53610416
543179201 52538113
61454746 81926873
392669231 417204127
392142295 127396001
29624689 38526319
224503929 357137110
69368101 46008019
109601626 123936781
290513231 34150433
548516921 208231861
738982359 166523356
831393361 159916762
778892756 158253113
28307539 270528103
177098241 395331607
299058725 93922639
551962594 58438053
776390193 193600705
13746481 142243327
847374529 185479525
15727708 2943969
93306319 537625
249966445 549928765
162610210 925642301
186653665 859075629
289097397 256745073
87745475 17485861
372498224 34988199
11467065 90648901
461784721 181709441
439733457 16153373
687830121 418322101
182118573 271388513
2100871 581139928
44368897 244594188
556592111 8429953
33909366 96556833
367046863 238101541
85696721 649865246
41201720 625933617
631543810 26844145
295026671 137390137
90459145 310868209
797459537 469172585
338965160 400275549
883005121 5575701
57774971 32863547
297208792 733430457
106667545 242750648
901850678 1144288
464082185 247206181
139441001 99553936
104672121 688278383
66620881 348085901
534506025 287542406
220949743 27834577
172547051 756226129
129690049 95588434
126498191 315012361
513820231 619620679
152531665 640049257
380234625 211547592
253721329 15705339
134145649 298477837
65595769 12000129
224707969 14483841
241949323 305434193
69511841 5632285
264747641 244431632
68502208 44782244
145161913 260773265
506535053 47888080
287620185 436511393
880694581 19909977
409688994 333833554
22381621 59494641
289520001 360643713
138559351 62964988
273449353 636976721
185723527 295947001
74912881 648301441
205760347 464237278
626886001 186485110
273596401 213124516
811350001 19257382
527456352 196800001
92658513 866061892
576506017 411680161
141037513 121560337
41174465 162334719
408280447 262247551
500271041 164249679
119459773 26072051
573950434 8844066
709768621 4823376
76282827 8767383
526321081 460639851
49256849 406197748
2466127 195737689
89361451 671261977
811145281 160609371
48898021 293877681
305340718 8283226
90880903 213736825
11042941 7761793
265724141 153789787
208916210 120365049
144978075 215443109
496028365 89850577
259688157 208968123
70424065 131089605
558360657 61350229
120137176 830413009
432734984 149991873
129642637 281875781
116491026 53876593
803444041 236097166
637262721 535225726
15095251 132335201
116653417 114199212
421620787 157880445
54549349 227881
290284249 27593101
453144257 200731978
638720809 241111819
11344936 801425626
341901181 212751473
350061265 12763817
227389681 38184949
163261671 272467273
125219361 202107394
143397586 99665206
12887557 367968261
62098989 413172321
361510016 375623245
752526421 235179208
719578 601020001
15515380 106986683
579654526 3387297
395113031 701982433
42810846 691990705
552091695 29322481
647746177 619328659
181277426 237978015
167778202 622688641
309578417 15988813
114951061 135438346
317679348 451343589
29906309 138959465
321498241 34307001
342680449 107726905
21768949 687655126
559617266 122550637
202138756 4959510
1230529 112821406
33182305 41650562
11925841 185981143
152180965 16912892
235972621 148559117
160324269 157593146
102616849 15603097
85358926 543135581
21621839 531493288
749398483 96322577
51000991 319670517
114951107 135816385
373614445 113681243
229710322 596883461
548232205 55637644
46538438 633316600
48118358 13008901
269583121 72218966
273227101 172509801
9589153 55031959
38763901 92390185
55991286 90229556
701210977 147282913
691570621 351236
279350371 151583041
404288005 395340610
181342337 264095329
17349256 5677225
330041986 695974
228589201 530355521
95218795 294064408
511714985 254526049
316582969 311677831
1008414043 107493926
45965181 282705019
61955543 702268949
453586748 60758626
237695145 270063713
24211081 577546571
13925121 917741649
170917947 432732772
22585294 803800583
52241409 1749529
335013361 81204121
547443601 165621149
610789873 404626232
671529256 67922821
426119251 162911485
339246601 244178101
18284589 23723116
386284393 44753401
75756299 256810875
487424161 291029481
75555481 563870152
82679093 112233576
208577073 629877286
231525133 526148911
48072529 843750001
668729601 692591169
105020738 459756969
150004401 469005312
71949011 113748301
107531029 27367649
27515119 256207051
92467137 33686281
178532101 42646103
858539084 151279897
540932419 510353529
260305081 225079614
70514585 164860375
299240965 15735247
1477263 856947801
112097154 44975278
231990286 627543169
83219241 180180743
281430697 206641601
90764701 89409471
761228269 44182601
578484435 142531727
20317137 66529
40837138 374568841
403092343 30984175
433763815 795403345
116364787 140641626
119420918 190319446
367406817 257613581
350291836 245630755
551473402 439340977
166760581 148045349
954797698 260609185
372609100 670357621
990562 2939311
530439 827734557
37092538 115802776
18329509 27575961
211241585 338558984
96211666 500193892
5867896 283947
246964673 117339601
756759939 15500593
167380255 16683695
40207969 170073267
45440641 86745463
43697728 90081433
266465687 73349585
431329402 61977499
485588611 22884129
758614831 718275871
82619031 17000864
79775165 201554208
124209345 341557351
13595491 45288441
305117851 157099766
237639791 3346655
402421865 1250665
73620091 150386149
500334193 188066841
745347816 140784673
653293306 806330845
363577897 815071585
339384601 248417861
906763232 6725281
16632233 179776747
149960269 603378469
422213601 3166201
13418881 396023643
26402701 84557881
281675325 247394395
230645257 119746891
159653613 49310137
267192273 75017665
1978273 197711299
696988002 504507861
342812141 222098653
665743813 274268917
43746720 285146849
721794541 784015905
225625042 328581609
86411573 939892267
419255809 16486977
625438573 772655287
43759153 309461329
18666114 16738894
78105 163560001
194917259 14520529
363696316 464860867
694986601 85550473
470508793 227887393
427044376 22428271
4930579 286056706
523990225 11094027
645221836 12542896
187953283 305955896
22863277 584985601
22999936 34330920
289924471 597786625
627939901 69018427
6244966 8943789
442566741 23621846
75258974 137855434
12838931 738779601
387262086 35114837
399025419 15439877
10164421 82526969
955961427 387525825
80289593 399493057
304161529 468445018
629896320 489074689
402642824 771000631
745861910 210104002
390949196 12030796
279699781 513821665
549186355 232012480
829964822 200530529
114746769 2960161
16736237 11301611
33671353 295161751
3322341 339484703
376870961 104648689
16604716 194913121
266068401 181510453
55236709 814402345
95046785 12245234
110737943 77345494
277237511 20133560
127822861 26925802
26443171 342985511
345441601 74139445
470556649 109948353
415349637 253663761
279969115 65873913
255739506 315892977
202928965 404783325
246977515 345485257
117596602 461893559
424128053 224830285
42072561 96751477
37926646 91943831
944607073 1025587
221382441 274591429
658651185 135335461
383640951 3417501
95316178 143443581
7752823 657291526
440858587 768867276
455493796 142707307
123576227 264585796
169865593 57792769
949273705 7637925
174657113 191712949
856727994 146662129
236694616 39865441
635610859 672868805
490329505 136497105
115256296 371248156
119383993 331508425
13186700 425000228
62142061 331069041
285262627 18876694
400233811 74290371
520348567 453102937
285575039 380746781
268078145 7947371
208563346 461466401
867958969 116053399
30766837 614054332
73233932 47102959
622475605 383236876
3338609 214033205
164643601 362921387
589022193 191111881
125747293 52691629
411115677 433570021
365322178 608163241
19883425 172211026
166136001 297699491
177261109 138598808
93770227 387350971
242657762 717535626
205768001 58578241
49745080 90613611
775378945 168616897
204583681 20207201
611841976 631270201
391656520 599722872
35448531 437683546
162122562 618901237
15848353 308932413
369050961 476453419
138996109 409815643
595271350 72405831
616715201 69977440
668370556 57844150
27016780 98052265
632614610 1886424
195242310 247586709
799278949 16999804
96300634 770276881
65898219 716339139
17055655 316109389
13089181 84696940
268457467 220972451
83288521 62468456
145445041 492394421
490063683 169221571
93248683 486120441
236700725 221620843
84899326 541263751
102328321 3334536
880933831 413096958
481737281 259712961
27892173 167492340
541010417 235397749
75407921 112348972
637105265 122089801
361095176 246428943
15979274 1049434
453450556 3211597
372020521 272684490
32014550 10859428
136110430 291180583
92749252 234120580
224249046 5811401
388158397 235184431
561821976 709536921
111679712 189410734
157841993 376531
469983313 88848751
4817816 64939113
381362689 392622591
34780929 278248007
55782091 45663406
226450411 390198961
437448961 104894876
327069513 223209169
119775171 259846174
400467601 25022926
85948542 398244925
8835751 333860297
407405131 331021153
37638001 20868643
306100135 241011425
50157556 329691615
87584536 35053565
551388456 449828058
840880551 119895238
16987593 60878185
399217716 223201351
198608502 762609859
48810191 289403689
115363477 146104281
216042267 879747886
48809617 490786817
6699630 275392000
110995993 48279439
743833153 223258519
16472152 638712589
595181404 275950624
748996795 158151732
118929529 179943057
582367010 877376021
298002376 25066851
445119809 567107213
6746239 12242812
114737525 4651069
99140284 628979733
199313869 161894384
150537245 239272257
89079499 291560424
96401419 22758449
284531725 540604081
130801 57819968
121666211 636972421
694955647 35745802
209674957 363311545
142728314 482436298
9693649 278448151
479941637 617869641
807079995 15574321
232077061 511982413
339855536 209039065
269577916 40153720
8797916 801816065
335966800 498570295
639518235 403604011
111491641 775059543
440461161 53431573
242959057 379045481
538239848 403546217
93837532 245820301
114785191 172906097
483775072 71623956
798496177 67946742
44853211 425996065
13893031 194030501
189173026 575051581
73882999 239873350
187937661 185273965
369080513 119472823
4249081 120824866
11491773 214281901
142247901 780319774
48324095 131052479
128806217 734167953
203879403 308484025
73658971 21638227
809427869 69737588
87481785 86342131
28126693 80901185
73701202 625173207
122807096 250150037
494448016 523854554
652512533 292995059
183105105 148826952
563599282 185491775
504930070 569961381
2291686 717941885
57777757 600178385
8742544 131382109
32423104 24348957
133209959 210725185
3967735 294627425
222761953 21406749
75310561 10411672
99933285 81955654
141614045 822570739
153252595 128744605
215472313 153756871
151007725 182879674
635516626 210065801
58363421 10207387
670110671 25063129
566868302 135821921
428648551 445897661
387355582 403577685
137495823 11033466
132674667 209722465
704761361 255520062
14528554 316780927
135579211 358905841
390739765 310828726
124747795 575288577
38008004 265327401
110366247 599836693
241280229 24320609
141603429 696823921
232054057 307645963
249348985 50667541
57770984 631401751
73882800 175256890
533043451 43937444
131013457 463172194
263525488 329212801
70541185 91324741
331082471 61912565
193155548 14584233
86892761 162381
285867481 484160053
864718639 383576193
636036801 81483349
582819256 100961653
350145021 23023881
305404409 774401325
111618519 169161526
3044161 568823750
17952747 124058023
295533577 111857328
230662699 326397736
27945292 226928115
517724803 434640370
11895985 45421502
621644551 2264466
67352797 81912781
378985041 109275937
431674651 206744593
46120860 384567163
237500756 13155512
233874894 31561941
51711409 763647751
279374113 92154287
3790984 197614337
78718886 620148075
534865263 346171489
430387243 157805699
508930063 329128297
7706070 365740999
688336213 9688863
14654179 98515901
50978995 429073153
676031993 165921135
745037249 10447451
285309808 495700989
336160149 186008977
249964669 32555470
76634953 320246101
261813682 57499597
404404673 320156199
359884911 553092653
65350893 400328686
267296303 44736031
86835201 245366849
10959561 163401706
5770801 79325841
17526983 502153851
214385089 531441028
200935723 544766058
220951553 871747473
111225901 34976619
543870451 85103173
217766411 14101646
127420952 430618033
150351706 303661145
165853090 134550255
52565585 48797137
78704055 133866823
14553076 19742713
262258201 84065463
37495937 407419501
4478327 638841001
35877821 824202625
21812505 273059216
593845771 14543361
1394009 84707635
28389146 244234465
14023957 421494613
120656609 1237821
52130417 898263333
667571921 104233626
768373120 150809948
117424893 175400387
27648167 694350929
147266584 13130719
106221361 81589969
176302306 2599246
288069970 107143453
354262501 54352239
84126449 23751326
298814365 403092883
57203294 105768649
536445969 407708312
230945898 121980241
24924511 18216631
659635594 219625390
606942376 145998775
60436887 140969279
35540065 859109545
7928065 51737122
23323717 496294121
385537979 18206375
226733362 415398907
1020526042 23490001
81671081 134404465
609693967 799185829
328311495 82670491
835611151 2523151
10950193 888459265
17112901 345779101
143825356 533592151
637813697 568292519
93892921 425938765
267589605 570743426
310474836 955978497
326159317 249273481
1004595541 804120132
794943354 266786673
126273296 26058369
66694941 406622971
486359983 487767223
399607041 441635439
377956149 170294583
44354015 498986665
288690103 59731585
494436313 221727797
245955265 689833369
676890001 87518432
479662783 7693099
433119303 687063449
733225508 47019435
260936677 255674905
1577318 111470195
310203741 357189619
13669885 136680307
260595919 120149701
486091621 295139021
27886886 220982861
113042980 136245627
470588783 57763315
123152709 27657085
55685137 675719211
20207881 14833963
677365641 184072987
132227508 3543918
227423659 200519713
41376403 16429226
443962487 267461443
156970045 374798874
646325336 151092238
59360657 39893945
598359592 57444131
326710065 398374977
186905211 26394079
424436251 282013897
431706639 269189357
1058424717 28451144
409144849 4862041
15752881 72875206
627399189 17276020
793556506 30918101
343901986 8853601
62311558 266352162
841855307 439105408
156202767 302074051
366662286 184453225
10580801 314976277
192481609 872770591
545842701 3995146
368839880 36932929
353426740 909918228
865981376 201741793
236054521 242399377
20634705 10784872
899528830 274908901
503726037 122043913
62817483 289097686
444925933 337761901
140759352 323286561
223290811 21707045
36061426 361076294
183051301 619583329
10492795 28784125
132041647 368259745
201343751 46080685
176510153 87259586
98543281 219315443
4147881 65987401
169457989 239335753
7367893 45043457
730721311 164218341
317830492 92721086
697149901 33354387
771839476 207515809
199918865 201410933
235304832 700663459
373935439 47211441
274556033 152908626
17643081 87129601
675925841 298725106
176865651 101438349
106167119 119813473
409484146 166132049
89513655 251696857
166065427 85377898
242574965 318374929
91255728 467324857
798786689 8663921
88500847 576803506
121866215 6964645
203547209 58695169
11141989 10491357
266728399 413346496
145279891 372064434
385330565 87636447
66767969 25094177
66686668 277047577
26176565 120407739
364209553 286391986
420036801 130567821
130772533 5134195
114056384 110175817
497235361 97721711
140770314 63946609
18399571 260126721
70129288 564044785
33763821 246553033
630918289 114235629
511909045 357790603
168396106 709764292
586322185 488130865
291420637 226197847
300911440 842745268
764344351 192380776
53972461 397752048
622830367 207758334
223945831 13023076
223339789 17513761
161029563 25589381
388017589 166990811
453887061 120171738
233836821 246647085
223948 358367325
594452881 210720679
94900261 92607901
587829325 330197161
50781347 689032501
99028986 190117249
26607134 465103
747580501 134532816
103084177 235027945
36397369 208625131
327876910 340917486
569970993 285676151
699401721 310490828
4793633 261659477
288923126 48288889
49453681 360313299
39600331 411197773
238713325 59533448
571199605 35249143
185406223 180519281
947734497 404821828
340705441 398710495
140214475 246121851
299424801 390901297
287940049 101056593
452023741 816014148
110843360 609103967
224201449 102391210
101526517 37909031
98597497 46369777
686774845 89868614
93901465 671965111
608608617 24483021
64112176 535079421
310663421 514575517
153489109 132653807
572773585 277960321
24491193 100952101
45341281 415423594
800574985 9814466
975519271 799589
463991487 54797209
99484321 11857093
113367535 223515371
717480965 214428736
200040961 529619161
315626816 246717971
170848441 467366495
141624231 1424849
275456213 352922857
43031353 341279776
18915822 576171401
1653265 54456946
555030711 82497535
310693264 74431969
589079233 253956259
448178347 58604065
755049554 394083037
160642925 132371097
790148913 587999134
489700708 142461353
144396657 16211005
135425571 383593638
64775093 22155379
12187456 608771913
225938183 108376822
638051681 41768091
233241341 50817097
208832521 580583417
387392295 265142376
57143233 354751481
312157236 7691371
14396956 129017544
39223330 28505986
456696930 692243743
391002711 125594182
43278712 942247441
553404008 101719463
666184619 252914341
52574401 86109211
49289581 917527782
24937093 34003337
189912681 109646139
1002373737 34567354
15209778 127519025
13401301 122317313
39551473 93763
86020708 431979710
145139617 48124194
466494864 45331393
135473817 791072549
117510616 430477776
12832354 222294165
582213745 97927670
139442281 406537194
722828503 128002978
37669971 446388646
181363351 62947459
43097371 24265974
160588661 437204529
53858581 477265793
462281770 714394891
110103071 490061940
175456537 68823697
176838997 222616837
315436661 26039265
496336001 306412151
581928721 226590113
38190231 3307201
2650226 782328145
155597326 449214403
9431918 249415962
508501181 236667839
214601190 58670178
58522582 175206921
502810273 60304101
918064531 474715701
658486026 95002756
381845951 477618043
527677342 231509526
64348333 819428893
52067601 432196326
757316806 39994966
523038561 418730521
52445725 99315457
348804345 59152347
514501669 267166186
438254790 34627156
270054052 305630809
43355908 208637444
46227097 684616417
306458132 68778373
69229837 369860212
8292769 621859359
115905321 460299649
411055239 55433961
229234071 600141542
43275303 41163838
275160614 368790819
20431265 229271745
690564463 274544017
4436121 648107489
203026789 313725631
560753617 584666671
381033685 633145923
348250926 266496841
239280937 329480401
324053825 17102411
199587046 268273776
98651389 68101521
33855369 73627731
493665345 30316651
7299171 114696014
51652423 155162944
216129396 165853921
34029755 22251361
310280204 146439361
121590601 25481759
549328253 370068286
471533819 685680241
245035805 21657751
158002417 500260817
203218100 111455760
110190670 414679825
312126206 641263921
935786180 130304161
66317653 3290221
35658089 450421493
3743089 16686432
414139279 324023061
690055201 98558425
617216341 23781571
79971406 316627057
183284149 321753994
353429033 209535145
390814208 280311998
497567121 141307673
283359255 564522876
110790968 264484481
75486801 222382291
24131841 41574699
462910911 511356529
568177 105219426
325407741 400643737
28180481 22542001
457407175 234945473
679514177 14089629
1037284126 91361797
57074869 98170381
780683293 318292540
11157826 115974966
14029476 511491873
547971816 94837945
743698355 19569665
45225706 365009397
121295341 70163885
616968172 145582336
109935225 271356426
32242503 192013641
78873739 247336588
137513585 614585761
52597681 452545626
1730170 9591065
797325961 630660371
210037978 27651277
73375996 17835973
810931706 398501455
563694085 62473027
148572011 311040637
349806097 509183065
2248481 63658686
452352673 87185955
11579761 257145031
66310051 41921533
890894098 440553541
35610245 158448772
72075722 580019569
428249457 764132185
131694825 149940385
465996751 205671037
309000833 114399609
268359105 16037907
239117341 355854911
47173141 149216515
66476251 8894427
53094965 768481891
255715457 578576697
50128331 664471761
88847485 387478131
19039757 75813883
8414261 179751877
207947181 467472806
201555459 909754945
198310788 305501381
6158157 232863955
85639891 385896876
53036985 1023969138
575591938 560746276
192185104 50079676
52852575 70952179
54542203 309991851
431641900 41894497
129139369 514059121
318488283 20977573
152486959 271356009
513913473 74151261
907707358 112157571
740282977 80892311
94057409 155962041
449437909 237942006
345259846 113069545
68236435 1283860
884221732 55085010
310157453 225282316
155644451 263127802
280419237 6575581
41186497 130245593
215886382 99888833
450861433 247965571
585955551 9243361
739963251 651572839
440479986 585673480
12798325 208376749
422108251 19855291
551014051 23488917
151982920 516086614
71464766 182445793
17713034 9969826
239097641 67121581
352680633 268690842
187848451 417224401
387712753 433076491
912580471 388338529
238764889 11471713
538983936 186202513
180854001 35251144
348598461 12704251
56993411 160501889
558429123 34292296
93694909 8601377
935143 425747995
141458741 155976068
750443856 32019614
429879241 465193873
198224278 491259048
391026013 30626481
355730096 120864021
151748929 182886940
459067981 47042098
44563265 387459551
265114201 395233715
897141517 230218897
133598703 395242177
38498473 544586422
183982159 53771715
176318290 622597719
36209422 480172077
483218333 403590241
176815141 148160797
66708041 186204733
372426916 547161393
1127281 73265557
12978226 199659881
14217481 200476189
504075699 257616285
336003809 513264415
277545899 151301129
23581639 43086522
41443528 259337529
578492545 27503217
200832594 197065901
54559681 90059501
1092846 23725945
116585965 338501101
40769821 48447519
314258567 106301161
29790187 92304697
68860377 163070599
304514108 698929030
108959421 60915534
62913601 459622357
186320785 381720806
497636943 139017729
359643694 359276483
754049875 95751607
31757701 531568501
479977586 3182216
40997386 373494837
2467097 66446747
132179101 90446994
223321911 23405761
194697487 236085067
266876221 421781280
191710936 525533125
227055969 66634993
25255777 740379320
24868129 158948777
26988301 441772915
199949938 54901291
3083545 356218555
38361448 6046874
21829467 256798213
469380835 19631350
134530419 318984931
291199723 30391409
77435697 217387801
817862417 678185923
8886725 885809902
258079656 70451095
339336251 44584705
208389689 455448871
15448489 277813183
379043347 469551401
469243633 718807465
34923274 908734641
37951740 141736377
572718721 390465011
190604650 53524069
23456001 410703133
266923777 597829915
658473277 167013551
700680646 431435065
414921561 217494955
1018241789 77561929
114900493 582514128
498288122 104252087
14821251 93913033
261068419 400380652
239425121 225878760
547383013 859836106
334665613 186062301
168481391 928884977
196716313 91422380
601644898 698568889
226391257 238182917
55104951 246030940
281909492 242926601
456698446 192519662
904803115 571345935
474159169 124114411
210738251 85024879
35280241 60112809
56588545 112284426
371125893 108116961
852519781 129759057
59827049 75261091
202487717 121944733
132593761 116936035
24540517 21883397
108361933 127403725
324307621 100159630
26584486 16592808
99140104 469379136
171335361 10281806
190680469 253421437
400098975 9413805
138095893 18494269
99431489 1843692
222105751 127362355
267649621 112787116
469257886 512043475
291895345 101962602
454816411 38519009
675496306 662786389
44560956 228250705
907824083 300438038
5657704 626680321
146843621 132205729
140727093 83533853
574408969 791140176
28427761 58894588
240061744 170509208
33458921 385599209
20091205 64281985
71746270 220587669
357662565 110577151
375316401 271360865
272252821 124578631
41935720 228506969
421455289 21361291
28227123 254018857
24243400 188083708
246175188 75087613
293162023 191761921
98716421 76220910
15817929 82938493
347036537 305145476
759796395 725970092
41644883 106579123
10301301 62531101
358039704 90902575
179004321 40136631
121080580 351102075
45727741 157037791
359566913 507213021
232097125 47133695
1912591 531179637
71162313 87082238
174091601 102385009
367139241 866008297
174580507 164881641
80709641 130604065
376445937 529398282
421278345 55306077
414141533 266563342
139139749 1006127
58850401 110391741
446630626 245407537
160776093 144762209
109271413 508071739
52902073 935371470
25133374 37771746
53356145 302439565
274208299 259906135
7141823 52004401
108776769 312710127
9275651 36717409
153123283 206602922
483815695 658032196
31444126 311271403
54345724 13427713
120559548 600228777
79924541 223591291
107226361 302609845
90223357 137313142
130324636 501583129
380219101 106861847
12922630 468999301
261344797 135989803
903774621 41982818
67833404 148012801
264187113 160734766
908964145 57440791
754261 215741761
253687255 13335977
35006613 351186181
622862882 232095891
222641851 594541909
168194305 796543327
970050817 691257613
814257133 650870051
414543343 34671764
510174031 10700341
2372521 169374761
763786 422899381
39416737 306732602
152918305 129494751
302526345 860474657
100067371 179858017
36068865 6733393
74192665 255761644
56136889 105966019
463622361 169872161
44873626 203774401
398361101 915990931
138751201 11563329
111843985 261275761
606124513 372015997
161559265 6945592
885714221 415090171
83923626 16666643
33275597 196902749
44927143 228436001
172455311 202424014
48668913 120582001
166286485 55721870
493432941 167581016
162241858 8654589
763555561 322524081
253236901 131520785
138713337 203667161
856071751 68713441
25978657 306892773
36341013 98344845
373354206 871415581
235840007 13022686
735204232 129634357
332820811 162914137
408960241 731631349
140086161 231922285
422251441 625185207
362549617 115887526
170105833 129577095
471656116 329852615
424674692 42388853
230681585 880030045
44432641 65342641
19114497 55232101
111307366 206983421
37202623 494704141
163709649 53746051
119765275 398852851
148963011 134723079
66427277 39302329
106282513 252221300
516998601 155660833
6454737 256857937
38627863 67163108
25357467 172460161
51792841 27470507
264293415 22685629
32330941 7220523
572661691 387588453
53180404 53547782
783703889 85499393
3092156 7374121
423035137 818007021
203860753 205276341
70006833 152148481
284136321 251898845
92220445 261242081
304914316 102910081
12187505 126589513
498088501 552072993
953028441 441980911
253489875 527932937
70592757 175868830
624577537 295230748
31169825 105721549
412878037 166397029
70862784 21657457
11393418 840847801
24793250 224763407
364048021 338695208
1790006 94221343
189144176 75613180
185926841 30959737
66066106 168288061
117142483 252181777
107672338 46493469
243840871 377424257
628994427 22931488
99204593 94620837
965761 7272875
410877946 24783361
22646723 75583296
186328897 125318677
376694501 116352999
706341945 115172004
333438073 146781922
153313721 350865451
110623819 826868203
392987479 59043876
315039609 121002740
105193186 719231026
65413106 517052194
606357529 328939762
48879277 86424325
444159031 758570261
333369704 704978925
10636391 51321245
389633440 238541866
765595681 2586471
45908175 528732868
29352271 224949493
220682741 167218541
8953999 6235825
375265801 226004733
40534689 238441651
1047337 192932509
37048876 535540221
993847996 194484753
134001141 90179002
16690441 188163601
268458301 40685041
41527627 559206063
51720193 455477863
541292251 71286301
184735741 291280373
471894325 167656041
117078511 236048281
154869455 181042273
141962437 32765635
120653842 488260329
381187351 63199781
144173876 10570067
33834595 219328544
366520017 70324865
88476481 21980281
293923972 738573207
145319066 29672719
44072994 66365451
509794360 234487445
303256949 131606017
302303631 171397801
570912126 395825893
486372808 53197293
162867475 799547113
22210321 109508177
84358114 303691111
212897125 149111031
723938097 136318465
880735021 131847041
668342101 20599190
995572103 42150021
274709423 96191141
6935059 381921491
770139433 262401257
90100709 114626681
86228673 376540429
87272601 102543985
130271896 258653121
35842993 238679338
30989697 31657089
644876191 306418351
715400841 60123281
42482917 12791929
830985751 261455479
871573764 28207741
397364878 282407390
86117767 155250046
214026146 55922813
201996621 121669700
419630729 48970945
172103141 16981735
671135086 4366261
157205833 257533405
533067886 377684426
107684305 551401186
33695971 31328038
2860825 13228961
290310737 96330181
972292225 163552577
179602052 47706731
31933126 23923989
43833141 12955264
121975270 31318651
446565589 90046034
17399478 842257765
218331205 3452626
231996340 126835717
252274455 244856641
924720625 6138217
117985251 21002801
44753317 132292396
272519621 41623483
562843131 937658173
22047540 88103809
361052009 731163087
197801956 40403041
14915913 461580139
589320253 79262497
126992609 725871511
787837534 511383397
114606955 288347896
369659221 371144026
160516903 34599811
423662041 281852755
940212491 486241603
493922941 421363853
260525851 514643299
33405252 88302636
29793511 42861313
220525921 461866471
354368548 187805473
638248626 270394153
426004581 80873560
465897109 316018081
882018121 14446889
19227601 108789327
878071049 690860531
684248941 64213015
495622632 615776425
119665111 167657221
686455693 686611897
2663041 149914525
79541641 294181909
364605176 116722621
759479761 163973239
75081157 82409209
51393409 8166887
12322495 162992033
119091241 497204301
63007631 296382586
524095437 72066265
185365324 493501726
654814889 216775270
302223260 185878408
319292425 578901271
205230745 660849161
9213416 494378391
276595873 10588969
261177692 247164641
789161620 225368961
334703097 242801956
14797375 683458413
320771101 9346359
393539605 21994057
130083231 91292707
94572941 222574537
34180125 235530584
916336369 84506648
120426707 302505436
118121323 6329233
467225851 205859263
5319273 27343716
81255181 772760641
55425376 280496456
341797420 836598989
218343621 264050533
518578813 163769932
174577693 487796705
14340096 424998262
372545327 239213365
621766945 306843355
225219256 917732241
877226025 270325441
368755003 485378105
316590613 265008057
714232530 133785009
355903139 97985551
339567955 114682321
131484978 685228636
323163184 137502541
289004761 745948425
963044552 218612265
244575745 7894422
115769281 557446561
80214540 57322326
576439 648977715
96870994 191676
115574495 15666111
32697372 104929822
71767747 11641645
6937069 40684141
6103037 727139440
162394741 176122881
319351046 110176319
65830325 260819157
1206726 82958047
67228831 257709376
140732461 296559901
248913169 242274291
288156961 55877236
76040614 59077681
185890933 257464096
18548011 48694993
157303348 79406454
379006975 133653031
655938525 548004779
10556501 440560681
574056137 187368490
97876899 53211285
254725156 12461521
422434265 46544177
713180575 287781889
672408662 834883431
126594476 203826037
149442190 201272353
179500735 309016009
181734441 237956104
427424827 529831695
460748597 44219203
198631651 232377751
93181726 363849123
113105251 318497345
142365037 514402651
518812253 318346689
527317221 389006069
3465867 101570881
734768693 49500417
56316961 420260326
41387061 151727058
761206413 320144332
606347479 256276684
260560961 565200101
549262297 321254951
25509121 60517201
364097131 113349505
44747015 357273153
28002941 240635257
625004136 44048489
812742401 7364401
39998897 226156921
38345776 18719377
10195129 419224969
28484113 377402401
168016141 476651067
54978855 186206611
919464057 1067951
12122565 149216461
550655164 23623681
85618803 111168
48663721 259553922
28903964 29690395
125443137 83711791
88123673 257548856
163048222 100546741
698116029 163698613
450519401 129163464
118963981 222920657
720827971 6272281
419113921 177857401
279173251 122584829
7647949 965806
16370101 416983217
314625556 342573433
515985017 84616363
372089495 156532973
33158605 323412643
522418173 37553332
192516257 253698866
280439005 427902115
206579881 548847001
29218887 306471297
319147032 436572757
279429853 36381097
734189002 87282705
673843372 42331438
149202251 671705768
446520681 475769665
171093203 127578439
744861371 282396640
386128351 131459215
172920801 139238821
35412455 501907185
151629081 361594661
329083057 200422223
713855521 69856801
717800062 521614101
117688651 187613951
130683547 171756791
192284275 242139892
29501596 7092037
202465639 59080595
186524899 23123281
268407753 104793508
452946913 865494420
439066125 282937876
3536674 310182049
331539517 213547777
13833351 919502423
334946386 17562394
876453910 128650625
875006585 336383177
511586362 23072232
505631641 60704106
399393002 685722121
77347309 228673
178110553 94057315
129953050 354287355
185494321 157115945
133209701 97330027
286104989 714257721
477800161 507247070
138264970 15359002
433900617 1191169
258634993 486726901
19999201 38343759
161234086 28975293
14792653 33611897
66889159 107282972
416581705 472017090
678691873 118991263
619408971 43328841
209579567 185299905
44107841 343356001
50064401 92789613
646164347 48342817
541633570 27753076
267732433 471463881
8302579 112288931
28733992 434081411
373428805 27915201
60956267 53084529
122902389 354332905
48609031 1046639941
102351823 254727001
155067376 344274541
112663921 87246501
65017001 218749329
81027213 187948741
502065001 432268201
10283365 146482999
214819045 609479923
79755457 296344737
138680551 265231717
36017527 2675982
75233926 486767869
912926782 144183964
271069849 252726814
675513931 619559485
164243701 383032591
505440409 5011025
101012053 393043708
572299141 647466141
175452449 394722236
15580009 673817701
281801301 689539249
20676955 239915547
127672975 233001091
43528628 214737604
82651591 12884859
537992456 76336321
600073131 911135281
134635789 98931073
460020709 18351868
90189931 92363649
401828601 332974279
99295343 56673071
50551771 4836745
106099359 454605325
673725409 288945381
379596426 594212374
548596805 9331505
333494551 215680419
390832729 242555912
24216886 14495041
354364 748794581
356812961 782425471
18994466 137137801
50481341 1327327
52906313 160759766
217736939 338206353
449206771 318351271
105041611 307717957
278947477 158086891
370630261 490772953
176777677 196542841
30981729 259824089
306144281 299444545
33450583 410842279
159362781 166438581
5191345 153232840
316693111 375597817
4198471 43857948
344727463 408943501
253191475 12634300
365360216 111871933
199997285 967947
28799713 648722571
154650961 330328853
63254745 611612759
64448533 114538801
501282587 199466804
84121000 48041725
32011512 701161225
118841248 82178977
6173221 282144759
277438533 140676676
635950716 722510005
340356745 79017285
62098621 100952989
194884509 114900319
55623261 318890058
30452626 736401529
169378528 695172151
139767167 445381366
846129265 517669273
40745563 448072085
682482191 458928332
69918437 248971066
215859807 607984261
12909121 12220580
30534645 173491326
103297041 710831923
357791257 851049037
259905153 75337714
207321427 252377126
501422743 237040347
455665341 638043593
96773161 388160081
90318502 371957073
162945421 476950903
107013826 243108909
443743509 242213126
148833751 107115738
34794020 10381418
414426986 148011958
596843929 21373184
66970222 46020137
498366858 325066155
560359796 41338625
150632029 16906748
5735094 749841526
536042585 301899877
283813373 99641683
40591411 92948147
536775765 18721317
415800321 856493545
210015867 728983597
168701077 109902451
47703070 10515793
4021123 362749052
51384217 151493321
434925505 192090634
553160188 375120721
166616731 5595247
744510853 42734929
634763231 273541573
254421301 738255052
175452956 307841443
414579141 292162703
423455761 289009057
57505429 92305963
112812193 426504449
6308446 102913186
82666081 440242644
76799893 93520369
33052510 334139401
490798625 95385057
397248889 129461751
899695567 10140133
292910689 862311427
120858376 591368182
60029721 635662501
101917897 415314101
29419001 178851349
27006816 406545481
588973593 275956731
34496401 632343908
104248563 69583568
121275151 419056873
11016765 796542083
170919081 418812164
343287193 6752605
369061504 242249281
143965936 36860761
280486221 67151236
770857447 428081725
899938931 673337851
34331113 195924695
505348636 86244688
1026203721 367078273
129374119 160026019
94012051 80079841
204147786 79912368
184114657 280886971
812349109 201317411
266699545 507662464
513844841 129690193
255678811 177191459
201519169 200056417
592794346 296505265
116535376 398939905
166506294 242194463
417203073 522156568
465648944 94966589
552009025 157763447
39278989 286633616
100312192 23913233
187617786 141184779
293704058 199622866
74115791 564735289
30766185 12525013
382242961 377792257
59909659 206544289
655260251 390818806
199541297 255858893
34302955 201194811
629709586 368193281
909055567 58314781
56612509 31127786
394191631 321249090
44553706 324970919
560360504 370812061
225559729 17715881
44725546 354585739
557442177 23087185
423423469 45328841
377795521 535669113
135998651 19024454
88804995 466620816
83409705 762907813
170479 193066200
371585642 41305716
5566441 316022526
647779387 660426605
163029121 615927709
103255005 42150493
480062760 974445247
256336136 102118281
480588922 363445615
77080976 26276507
66767636 196478866
58369284 655074037
200299501 99108769
88292395 673153337
325108760 49317668
908602537 521677057
38161856 131834513
33666427 34422375
337932751 278179705
361813571 787462075
6491161 55733829
306398618 788216876
23623081 112932933
9707785 281895813
341706717 122031169
6843899 508141721
70729141 33211231
596424353 64786093
924569056 572203585
144422691 325294433
155353029 254329602
19829094 59339457
975789 65373016
49318270 661292225
63452801 6227737
812475391 647655129
553728458 499006821
93419866 135110237
36655625 80555221
25339934 808356745
438867583 99685993
285242049 80424289
71594369 160759824
79519879 118337341
360366719 711927157
375853657 140333167
79248709 629332861
171110086 222232957
320091633 29416169
28528468 693346753
189458471 357947101
443408145 336485829
78972832 244443782
26127301 665895883
99020761 732924937
819233953 264785803
190151614 250173001
400044022 285541257
378269893 271426341
472225549 8683441
241631947 26785985
917810315 58221395
149315455 258922937
318516277 996224176
368828001 481082023
641662993 896296097
438144152 299745593
7274081 229909197
10682369 504570885
392911429 806997617
204094468 520441650
216087649 6242378
40111041 174502484
52619979 527604241
98717185 10942033
26272313 11360251
147508481 111722535
25266949 83994961
22854871 99957196
237028221 550123476
197913899 535282273
4953981 190786033
111180521 157635781
241155542 34892646
164888401 120658786
120655172 121873942
305460721 488568957
167286725 177913009
390619667 45418814
756110701 677503129
84330793 297801
49349521 45573025
56343093 393365206
14938507 196003915
918443157 46983301
167820316 334155331
81032615 203105341
125472075 81077062
92059217 32152009
667454257 122517297
588712774 236502691
161315977 49632209
31590247 156102829
30412369 130590098
2548534 440258313
70547851 159586141
51885554 628200207
204723598 26307960
375379789 21046081
66265021 449187593
510141857 38738701
40069681 41994123
142421705 87819409
200421495 172838705
234315053 425074729
496379281 263987261
9050993 38899146
498179249 100332233
320819353 144467227
462792301 496451053
814920148 456771169
36801493 97498171
421646689 130348306
320743 438517789
458010081 80445925
159001 249858209
10256221 343826932
106581463 79996764
31939001 61006
212600601 386126401
150255810 81731735
73380161 138887890
27211981 156949101
338269051 557705688
8164781 44166833
596543167 244240399
158456845 143908813
667273729 121925621
19182288 35098191
169453789 381987057
696084951 60802323
134502283 166572654
74943069 569019260
244496296 223214999
87071065 120483315
56200012 524644037
8394211 544810037
33658585 120717370
411053098 272750510
671117773 94686523
175255355 382039647
99093326 112690703
33317265 359125821
266763476 349936336
405861441 602395803
513694285 74961853
228310455 74608996
172667017 812192453
467821081 10043474
356566833 142068031
12855151 225304093
412708764 422864716
405386013 500921061
311134881 136283720
436286593 282685647
223347617 300793105
862296913 213643070
43437671 393417649
35141275 394746903
608381201 94995079
491760181 189164773
177529408 826865049
261862741 425745145
144673901 146259415
22429993 9658417
893776501 178918501
44595849 554689997
174132870 597696562
105125885 842996161
92470357 23109301
83998891 392964627
362221701 31657583
22872197 284329008
1031875742 175630985
524598607 13526696
809416072 25133089
89162219 66351411
748731034 52035067
277404772 128945155
915939213 337021241
311403159 203271593
470335873 432478959
4159 573911985
415943629 94380181
616736329 234960481
126840993 112779493
692721913 47337331
414139291 190972251
169191317 62965981
38778963 226660840
954705313 791975317
154361401 828041663
416717175 229083977
665802805 438676954
13992293 447825675
789895261 664285311
573554121 217717396
171151242 543924823
26227 271932289
37724841 292342531
91960396 20071801
156524199 45950433
31753435 108817171
103945081 409478707
89363315 433731025
95621098 725395265
266803649 231867421
142264665 144913772
170833869 576352001
235950001 305721751
667575377 519980689
38082613 296679426
183012481 271854529
343320066 724346653
23724605 666572313
766589089 175637125
177342337 419845973
23097381 53521033
582112057 62570561
571551436 187841814
231970349 626159389
235061611 828890201
37672885 441970635
1017894263 525608007
24354231 248964961
133452929 168288169
48985896 192856821
240030201 4778964
64973611 88287033
215750227 517332556
439766097 65694525
389976221 352542092
371921811 289138942
26879057 16422267
89427497 174227455
581759245 363748321
91528929 59859626
35955466 249986291
34462961 57379298
213249037 6211739
54691141 10164241
600477208 245319582
191435539 158853542
426973935 36317185
65314143 582499360
13486301 179227579
301649947 78763939
389548737 33860261
45564541 13930555
35740801 38560402
253164849 552153439
38421763 929910466
273717291 517945948
145406069 134694593
98708506 66096801
169093593 567229639
446443507 2397968
9230401 391495968
18161375 647890456
489171451 60071451
198051445 30299221
100293721 155502913
94286105 52208213
26437245 78636573
689260405 49448575
527278560 107713131
38563445 212656305
722396794 401481571
42695704 499022749
342922951 26739571
320303215 100040860
116941229 805711848
6262397 746882137
62778913 13900251
321352845 567029009
385774215 24788560
49835135 129173514
618577177 369587485
229497129 17308062
606458341 66362497
615536691 279795664
857244485 48388060
103527559 885508097
41823314 137802885
470071672 194302821
293479684 140201425
334048289 70616463
651915814 299773993
126649405 264325777
283118039 86783761
1031641082 884422281
22433745 357064660
320018974 87894101
334501091 609808937
131367921 8607457
361606961 10363133
332363686 227093227
19264701 17691103
11908261 358498711
2443519 504324633
165040654 413777953
561823966 368108261
127405331 867694229
798977681 131395305
116346371 424668505
75032937 197243373
680352037 163597633
88038439 783914522
129006949 473598081
59697391 18408886
118305109 139939501
482168401 53556531
13513589 56183399
326982193 908288473
11565598 284990476
326804923 162185993
216348219 143007586
381054001 7934711
106189097 65177495
809892149 269065617
490369733 15813214
12149836 148632801
111170515 174834125
65031877 445850793
83287911 147447637
777930679 41304926
438165451 298942729
4077001 34385380
168284623 86024897
458859081 548783313
172391935 534718801
69576424 64670613
27576473 413875330
267749165 751164737
10431374 100767733
159287194 128658292
220791832 53719681
287729532 197265511
530686558 107968465
139931479 109811443
841238569 787459653
1619421 329807761
522850545 16224951
672999577 770818126
240554458 358349188
348728193 354930421
410410901 924726482
78420505 215024068
58253992 347939047
283467959 619807060
206533342 117630543
332459765 428073948
407740377 6615904
213037847 870358149
12145103 237626235
110676805 101958515
70256797 37214101
220651626 7641705
91695325 726923281
1496161 138041089
332351395 45376912
250396286 328786751
17906175 345874411
753529347 86038069
234728717 629427137
107074207 25408657
11986921 310941775
216201055 194270251
12260844 154728673
7558382 9819415
222304411 379205861
252216829 84081011
233701007 21662164
7034369 155033831
25042226 472387852
112212108 127374526
163834738 136431249
141976126 708037861
496577866 484279153
571784725 17501273
267437521 47205313
361280875 136110193
120579076 74107189
494655834 237917098
539763685 8294833
716330803 728962941
23755661 830972825
67776251 107650561
348952748 19447841
41474963 239876040
510799066 33338151
506333185 135657103
21777609 110177545
77764660 621296321
740835613 323396065
23366913 61328051
81655273 739393445
404472671 418107541
40132801 320009985
161998649 126077216
485426348 53127295
147731266 156314476
285855571 131594178
258630749 74972737
16552245 84729361
646667345 603007627
187341436 172677276
49775545 317518561
66706576 701026621
569767009 236598909
479901469 492791109
60713101 435881375
595852635 52085801
93041277 46870615
219192832 431473776
34048505 127464613
23769971 111578797
13902666 14466180
505826952 269637914
734490501 267649621
160604092 110093545
236996297 215820594
827375717 65040781
372350357 319698370
527670677 27773250
90046473 503340193
217725161 135037680
193336851 89440419
13652563 144831676
302940577 441195847
654158592 600767185
8725785 6871393
147171116 393052241
33468664 113337071
45977585 481555024
105144601 500487976
523723051 277792897
114886885 861057067
402616629 219844469
219103771 173618139
66500677 383822626
222704865 630445124
617720617 215141352
153996613 353098347
494143630 44748901
61090940 205024546
402091515 9281081
94883267 324726915
305415979 100701307
514615399 675132529
94565419 339585065
240261309 918338113
78341121 154283077
385268104 14673937
126994438 326278657
479007436 778138793
107754263 92625016
100644183 112160001
11287510 3996721
136437745 40345969
154832931 485515229
37627456 210689953
301716695 78135877
195583961 166373852
724987776 38790685
436481305 995801
416594837 138561356
66243889 489795201
413069141 428992645
768949323 177838053
18876001 110989729
38394802 110177665
331141051 170450227
6417873 65685826
90384376 1500466
179921552 260764117
42168501 674439723
57553210 17595082
318388565 10143916
111103705 88562189
213861331 333718911
177300781 80377937
410410774 114484821
35524001 105548995
759193597 408992801
25354621 155124021
319780974 377213353
657593881 662699521
415948027 41022147
325624447 547377481
445663979 469721316
145985395 223240423
689175487 19165491
39564265 40359127
402756379 871662088
14218186 132013931
294417351 931132321
716501527 294003191
7621663 321943611
86825987 22235113
259968703 68696979
630179395 594632801
11690914 458512662
56254226 4325861
15370276 584822251
47995707 386158969
1044326761 27961127
17431121 680087681
219973242 325283456
136178177 55100101
97523209 243042031
387335692 4441051
270759658 81229177
339925961 6682078
587073299 356923715
65617931 564503141
526941514 114797953
9485377 531429859
84349874 421835715
22627177 708964411
63492552 78639379
69002193 101615879
19452961 434252673
70495426 141076141
718358007 264209879
358676632 407526967
339212703 80482026
98484697 103575160
129676996 191298820
439629672 595739837
333706017 441610493
455494475 25074601
254110969 533636831
415673665 27226361
462937912 320658071
86834303 661166011
549653865 316874761
376881509 100018447
141396256 138552517
227085170 105920935
10068430 508913340
851113061 181579201
129246377 546296873
13226837 8238211
146109505 591762677
541597673 112013873
39429973 222916861
193453193 404235273
100650367 48858349
437504725 316913651
87744874 169064489
142850899 67064185
71966401 644240068
32807035 403474405
37391745 176091385
213685921 211720496
416002951 515317169
421475877 340874385
323181105 21269161
12650950 170338036
51399041 67617415
243351461 288166429
262976953 383663170
554175267 240115681
500832670 38281051
573778381 162611121
80102401 91637665
143556619 312545152
747857734 486877195
68232217 154381995
54217756 40474251
30729433 393673908
101132155 18096651
660033496 210202556
710007717 386522518
108693001 412176025
350148481 567126883
265741031 46733896
107948943 619319633
332349125 386586171
17815321 239208821
89848877 9288801
408399326 512703065
443768767 375277208
120196441 78287474
164104841 233302249
69207001 10406919
552318196 309468606
186384277 550566322
562004531 425832769
530931397 1288665
79732801 379533220
570019464 17551780
764428014 161189617
109700977 246573955
53536259 37921816
508337245 186110391
148907721 599304315
117256237 425153001
212135041 187111678
73511567 756785331
429872664 68381289
552587755 339971401
6064721 382544481
588932514 133052001
129153361 244753003
86204825 102139857
108648361 514062511
98145256 916786585
812360971 59538469
245354368 35522883
15137037 70539575
18904705 66310609
259012117 339216373
161192201 25661193
64820629 786827851
258076923 203951870
286559876 579557458
110519449 266765305
304715581 205931809
29941522 782687827
44734869 888200343
184906151 237576769
8382595 75562748
250640911 24784471
845352243 595953055
31452544 615308977
278800577 131674063
386488684 24332897
502049215 722989891
175923177 837092725
138973561 14993926
19541761 652834225
391439528 600218511
85114651 638397346
227365719 238186091
82931971 322272691
8472707 44947621
289760680 7090658
423962141 96011605
9785554 368173378
426321244 99510181
93041762 196023335
83170475 157357911
31197811 408043937
609977521 412699666
603242090 428548837
45673440 378184001
125483113 51674768
934446906 162797671
32298281 96948289
339667741 91653461
376615249 602568576
222395905 71878555
61694922 462456505
47451608 341648880
500592167 507864265
2351113 32222031
347433539 205838657
275794577 36400721
396379831 352689541
34286329 481977658
390377581 30018542
502641520 49871919
172221447 58878107
112140532 351416545
112168021 259087636
620676641 488342607
58448001 141513369
557441137 14593029
19908449 37502869
237800299 215472921
365597113 68009608
624035457 449262685
467632891 763301951
335570397 83974285
534912390 1017494401
53786221 486607120
80864253 748207801
255251566 87997
621885961 1699501
241856343 131893126
90471451 74080465
11716489 108587262
38309121 475096519
106700737 732394963
869953228 649354846
132751684 129142540
157219921 80003686
451128769 346877875
245689391 115734881
415012101 142827631
576735351 315264781
370005256 634386223
248980751 42080641
96600547 472151473
10724725 196160383
69013456 45707425
163175013 224263921
870741271 33158126
166882112 314951195
411158021 645261649
103615854 16199903
409377079 11508871
174284341 525586041
1757009 592968091
185077112 335829508
263825245 78843178
379621137 468489061
31694713 540187957
2553622 939269185
468583129 69005521
319797401 12370689
274120027 113220001
815600753 14454415
827357777 726608587
35038144 127036001
370128397 83137521
9279453 415101313
259385491 1432012
27050403 517312915
24377380 221035361
806779806 6919039
15518733 100643626
3484873 483998369
13105165 416094526
39979190 164797957
642944413 367298551
128442045 17964976
526644427 625647759
828436478 152361857
41546108 239710831
84449613 50937762
576776199 682716448
462449625 172563001
293336837 76763177
427929781 32971199
105891310 166366064
541071655 96468261
85625737 17337323
407431351 156956801
343268538 47807809
678811405 479598725
554183647 341182591
108286305 501066535
144815221 424070866
312623209 459808993
83670337 301208
510924529 8033005
117821377 547532761
253891113 198974175
226113001 240404356
86755591 331269809
107159409 122713623
810499949 12648028
680515063 96435964
778017802 45071271
546858650 23188595
64375489 46488584
764312797 173734273
548522929 129130115
480455344 442884001
249407171 68822515
66376481 7798105
350132596 34053147
743147329 14200385
14409025 146089557
622213801 144869511
867577435 120407171
227374421 377952561
33454891 199674501
236012123 603369001
8422216 146634753
298906336 11342341
275796811 53821399
209565631 798310657
890459860 100342446
219583737 778316061
85485506 254097537
100243895 251489458
69035935 257359857
527764417 157705359
440271841 119144251
322971903 7074696
462379227 40540501
217223051 402779131
389500989 30568604
298771311 136812789
326135539 215438659
98136241 190313551
490617101 540431080
333394201 930442269
13972838 152047612
274746727 63686785
192749018 250579303
516499386 3931764
409939251 341457751
96519281 77359965
90069106 8263729
383487694 249564199
83686123 259730062
3049073 109216765
124725232 254282293
867252353 637904920
556573480 362156033
309138496 360648673
35222217 351989441
872218751 316254251
17261947 118825449
451791922 393479206
1836700 1013913601
497877931 122231569
19663287 128990935
355313521 186565843
12582907 991187011
146331669 123410596
238530286 274678285
412952941 144488881
441609481 62529871
232527743 229985330
804919096 357210711
194808187 107053875
342076264 922429147
745904831 628362076
62026366 189176265
408669751 791567822
7494299 295502943
159245471 531205777
456501361 579167029
202503591 66833506
706810357 91079560
1002915271 284294541
190202104 3270257
696099401 598026483
415634846 215941545
88708869 90483521
276346531 29336725
123339343 82928152
154076305 531179617
63305951 683261556
950929723 115391963
92098936 140231169
71338411 72467581
97837672 2710901
244219439 269176906
153916551 144723928
641646712 372151011
271725026 354751316
36010349 23806945
350706841 7627201
535653036 17658353
16134031 360122625
792077349 159880579
3360666 298531105
23025214 316723725
92510851 203986081
607818792 150465537
749941975 398471488
110417281 146125211
137025073 461902456
98178433 58242669
43688843 374505194
468537592 175236265
374088743 342524731
6221613 112630369
47538541 754471537
88663441 138293806
318644501 145672896
83362017 112018705
116403965 26052342
73646497 53113281
891196307 121209661
437854626 33031573
559059621 171149027
183134845 281306689
321057631 526190679
74893521 362738988
376589189 135743971
198754501 378851145
230829505 425652876
35858642 144201539
4743541 540535686
699517 131032358
258026341 446217905
346189843 1667365
70030340 36805056
106951321 193226182
822808416 641240979
380266005 245658430
273194737 72588301
638074705 4223001
167736776 86481943
402257857 104719678
12081235 18001491
22779823 137264491
294477002 14446513
136112329 368519117
5015473 286654312
344928988 77630556
387628187 154650823
89513842 210766369
39117067 202522033
362376235 285334147
59150953 217950994
267974005 269983841
666318961 706235083
478143799 636145777
53475865 33538280
67089325 114756643
109806529 419646
126506770 131295297
279051057 444573251
581821301 224092405
17569773 543399221
331603021 75706969
32175397 14876811
60107705 726310745
9998696 73110343
162194977 51810089
100284481 149827941
793283521 29471793
1255346 350873321
115619941 217484053
78978397 491873825
687187381 427248217
25981958 219033977
180092071 155854821
228988391 54978925
249850422 201428753
836597021 170246597
219576933 462398971
628449141 46864755
69508945 200906401
81550873 259765451
227349856 6756226
14371473 72174691
375616909 248924815
788680306 14558251
63397833 173181061
98141159 214563265
123430451 253416897
7957792 115575193
2356051 137431876
401731721 141051196
203130486 266503861
183372217 259946567
234176293 1026341593
89065809 404024023
223387102 172282526
159296662 725941300
28764956 39787705
63471781 899635681
7934544 7289731
63255037 561803782
28993273 3105289
1010038801 608894401
99141009 265987921
20168089 192361671
322681609 537180257
51569941 81826539
61273084 23279182
112789541 199627969
26058451 183896179
28028989 22165261
866852095 116299587
94835137 130381317
254407513 447847489
845864783 30144673
216265185 436875535
680286049 19655680
439172119 155304867
106888601 64195681
19931617 79553503
6653809 847007701
36598017 384415798
338421255 73898947
420079479 571906911
9630331 114810621
64107727 151006510
9117385 166349931
103422621 13183776
106167205 128546419
6797422 556037729
363888610 680387896
386572801 285592937
253080678 348686661
115656507 77157121
567268496 494041
243570748 146255586
561144769 135641025
81652737 102223649
278277755 307180197
651784897 133105897
23863957 309965941
57505176 80134169
821392305 475174765
665989757 389660545
102138665 535516775
682345756 11493616
179888495 196431121
826568605 203579641
194738953 2512055
211504187 160352461
60504439 142541169
577894045 936036889
32954251 58670539
908674720 9792847
317307 112459924
87472154 99055661
45438251 47926093
149726964 136399297
27381451 765907801
271731284 359974551
149073051 608496181
755607961 92449471
375148962 314641279
65495683 412934131
502225141 398640413
483309466 233140636
25037385 89064235
14930917 141026881
148192276 79862405
332120685 94231789
21963824 250829587
521070409 13525237
502575960 66162741
1928482 45715033
251115 96794693
22308529 111146301
344114083 741943583
195735825 143601589
222498559 229294531
679039453 580071169
555032953 872935736
273610285 365230744
261693797 570983201
57571540 500645937
125929441 671247032
638682431 2300992
220664223 78242935
23610259 362281237
80068825 758559608
203317281 296991293
95567091 262656134
257655039 447559197
671233798 345636357
214001341 71268198
400575757 23335911
120167037 263479741
372220018 878743243
448726881 198602902
358412842 105748369
65588212 409819061
103831046 358796041
326705387 292824001
73039121 578654891
501091958 63303909
184466389 286490700
6734209 407214106
115641 430769231
760586191 47920737
60707054 644841873
462366776 445815279
20776501 148458501
62014863 506324743
94684095 494074824
510730241 64030137
118316829 429583785
11118611 116921701
401694883 14273911
17753221 453304321
425955326 39654484
545140702 100315427
43338297 279444925
555167761 907760776
355581755 22041168
72413251 228235855
408963360 115642861
506416807 102325661
303530989 311388320
153156641 228097153
507560971 136868473
18312771 463532641
115134989 19007983
13663049 175486636
804105799 173862025
127983716 29769729
232090321 127695841
42207560 174933760
1159122 764010865
135899485 21358351
29717381 578708635
47023131 57962971
3436327 449142
77310689 20027497
385631401 369044119
617466232 263254657
69699015 152823592
336547630 22262632
304331332 506232821
501646487 298348895
62921691 214909234
139398403 356225689
269004541 753774607
73387819 290630712
599045749 386620027
77391238 139683156
13764091 34984468
806140971 71324605
66658272 1034619157
6250487 810658315
48583711 97200825
158008293 37269277
580555085 220037981
722524629 9500077
45999801 330321589
215665831 42260797
86232875 335750275
317637563 237439981
31696111 634551591
385352925 61451506
324289145 546912013
264452693 246880509
72424285 24414265
193352810 11611601
8622979 5191396
91062436 364964398
504155611 7148550
197569989 12320342
415245265 358412836
103194624 64548433
379145577 87949773
549998197 321507280
302519863 546734817
166513297 151619065
1537433 25980956
88652917 461198760
24130921 953381297
737240687 321700207
93668329 283030390
167165034 122462901
612422737 87540674
19032513 64692748
36801 87319861
13554045 125561647
421243593 50121688
90877427 354975080
208822852 335451106
22832146 396962686
46422881 94597245
117515626 102461871
254431933 1014261997
70826441 523578721
517924009 399100005
394512087 303488901
47856331 258739889
366551461 56733
693284740 161644033
42600273 94056983
3487516 876663173
632449837 300884161
735721645 15562261
164796185 168164816
266317051 346302001
4207855 10403849
662787438 81018751
236501497 398062351
144185796 257273371
495107887 94804448
484680815 179652955
7506954 752879053
16209433 729557241
168794956 66834243
87662251 176828289
42125469 73769212
32287660 466957818
167667499 230909096
590311873 36396006
147885716 166836414
15028033 447736093
153382021 291050635
55052245 493041886
624621225 505401612
53834221 24847777
33839543 194182276
115721893 153261881
60865657 108334273
12659789 17862899
160215961 2858101
863634031 229183345
196221488 131606532
241071998 33860785
416479766 349423281
133790515 289215525
878151661 814052713
7866925 168795375
342908191 35365366
175425502 766053679
64649301 424822591
15087976 92665483
2152411 118179941
92102482 826718401
292613269 393269986
761654269 12307337
89215701 37081393
83096761 273383685
462745025 556569113
182784993 43728121
169915817 165470683
185382201 60899949
365661752 33141901
416936755 45116590
147064462 183147681
43387729 35145943
172675189 132946961
40449501 476071993
165455977 372701541
305520823 100313984
813020638 193292305
24199005 7426081
62762700 107889891
7703437 3678921
474124051 47399937
100484723 110623351
40009881 267984925
69061801 759257199
392792401 928784176
109798601 58512641
15695521 755149033
51509291 33441919
78164046 509006429
436757256 514625035
145246831 149117277
265378241 163106239
261620071 365163091
97628005 22104757
356585466 274397191
290902914 154212375
61179649 217471297
44221441 287215652
131864946 683493020
273023083 173436285
455845876 84043657
43443404 218483965
476257618 207256783
614221437 26906389
161738774 64366432
502904251 495831946
49275253 297754809
85442917 709056289
421319281 551989897
41455129 122690373
88650491 538192936
115832257 124868497
367970956 205253863
796632649 80787637
276852657 339906756
537914099 3180101
577468366 796307231
177754901 742205396
62902381 167677489
15774194 6413023
125729804 98165700
252266023 494324249
246050509 485400826
13684404 604350253
152826521 232057279
17951871 149692211
265403287 199725835
359456001 206022565
125052623 20540062
317958881 370581781
320126882 302461501
164293273 7791883
1339588 165388189
41921881 49598537
151392061 183162199
189578 220144636
277292737 32303649
366542625 101369692
134091919 496072369
184511027 30646165
113725161 213120225
174226363 115096390
2041243 242413549
215369641 4095840
608436121 12913075
113316481 48625281
95164763 129145871
13830961 233638669
684796201 176134519
110630971 771580405
171363901 227135182
394299765 242362550
923015101 7911266
43210297 893288239
11609137 248419951
367299179 656233705
35917537 312812794
374880727 138234881
605245861 66197825
403312240 174783789
216230971 46511251
143186395 182839585
198239896 83618445
66242051 231608755
231136063 29404909
359644098 139827304
205095462 63762427
125557048 21455879
359756776 439034027
12342942 85722133
288837001 40956895
49503637 78472285
249924481 495754561
207994417 32973059
710448293 281239132
609861331 346944466
643095415 113677666
373896181 575588625
87821185 63268226
86305921 607291777
179605999 35341831
83187703 828234937
197586177 61283771
705352801 70720161
410991031 247653145
862439425 49663461
93508985 405958510
24425947 238071181
36423389 327607649
219553879 377653433
60316894 27578731
209301553 592938385
290728691 559763001
251380696 50651533
61823593 74714914
208581751 4051855
326107409 275222878
74005027 67107055
4492913 91420624
602220451 282391201
197693239 576993511
6818176 124069401
306166867 32861557
62604432 40892171
204903271 51551488
767414341 107859375
537158857 516874971
419121457 519804451
615628131 875589049
533522077 212841361
693616321 6769996
26433857 38067919
43927893 630456301
133834632 902264287
233568616 427335901
408772379 285428941
327938545 640692661
465529362 140914871
294612697 518343277
119927776 100957577
124577041 487453031
82592583 158995170
30175460 16513545
549312117 319790569
328078147 164161
506763989 415520857
109682701 48588915
123178023 719596087
122444446 254493744
401671401 229349975
498194761 359554616
225728313 64700157
304616113 36394011
75696769 6837706
40328443 70438559
669309901 796674824
440975211 527223445
770645989 474981580
78636867 192614352
966649882 286378755
773941271 397714296
699605997 772029886
294920356 767506665
527183142 81648641
78647713 220529586
79285339 6545026
429099650 23710492
295974361 218650255
141506601 543323051
262360715 52321025
13783161 9131939
155869414 934103017
629448975 482463876
270239821 614737285
16719921 23392601
190873009 46644001
72833557 35956673
167497756 220545407
40196729 35189071
91717726 646634689
266969665 866640301
345504040 107469313
464382256 130099821
96649813 175441015
253603225 510017698
179748661 53208968
163749805 100444004
118333689 78684497
456055458 14601871
142672699 660755251
145454401 16342445
3411277 185086723
411612881 867564101
52426105 184644311
38510493 80950257
336587464 54850026
57564474 173583055
126958725 169673109
308003259 335413909
727234652 510085101
366959996 326771537
484619281 27480499
508457017 62861761
410266178 293576593
22526461 88208212
587972461 49799364
170574574 333143383
42389875 92641015
476529569 367533766
157910833 177275506
434940377 772609897
423746941 78737716
377435866 238920433
91102413 324537031
533814361 379014769
115478101 735653332
1074601 384936626
172410877 92636081
575639731 516189990
122901370 138754513
433755473 588488331
10419301 274014716
804372613 249814644
705339251 189324215
429772171 71729627
331199157 414376252
820935206 157384336
512391069 116826641
28995156 1025846
11270491 159989556
3729727 351066673
737864601 517646923
174078931 3440670
8749665 29876661
14837021 501452929
255663332 23871583
276176968 15624363
647449353 780096962
63802495 84988861
132395121 41027989
941610174 221069377
558297367 22372463
83369427 86000223
69208082 643328769
527783001 47891701
194929533 50086459
995995820 72623321
511278928 603069657
638065955 56274846
330919951 26693281
36829582 363816925
35075629 27730571
547405441 778577919
106053821 299066417
81405489 240802883
374049860 673713153
439342389 32107521
11888833 58496773
319983495 466285114
128113157 192205342
83540459 4259962
56920801 40131918
528302131 208350619
185702876 191656010
222120718 56422488
557860729 203264275
86791841 317756201
48742407 15442932
345526687 625884881
208816097 513485545
10643635 704610819
378135913 475283766
465718588 236043913
377932666 181212175
269325255 119129251
539036917 57755377
302061169 5507119
327932720 71319585
225401851 486985857
176600866 414900841
550751345 741168075
575450437 327389362
213453073 797880916
20292871 58220857
213508709 436815886
85361345 59273455
462817386 60367896
60333407 347627521
29858051 390652686
4475373 47948737
154719073 33487501
324999661 213319509
320836737 6069266
434772251 480989391
8344099 23850071
296882599 126445861
40839241 55321405
18874477 64491745
276156091 2261061
182086529 883271830
765075697 311238923
349582611 21096793
242330698 481285471
186484893 80084005
218494589 151965016
151172634 742180563
338954265 562060801
687552361 40318994
331250713 335179389
105689425 198316535
814182429 394359373
501873985 298070462
34538240 378234403
126003196 422272572
719027821 388266221
266046897 139584368
330025081 776817091
462723787 355682177
507920419 886282041
349266127 298401562
690502369 374818151
164340798 283527520
593774257 146711236
527329595 290931045
18862087 995844214
27742521 187752811
449327073 381224950
186934500 308080351
339174325 217202333
407417165 72359335
73978433 230215123
687383796 103871367
24235026 270347361
23993371 802905475
832817636 104538821
45006005 95619914
24176257 170037144
985841923 118243789
21574308 527270555
99220093 321913072
227126393 452252659
487208322 144083199
638213761 605750806
283104001 132074086
576667156 183979105
14988277 619233173
861582436 284856881
157700093 494310729
300490177 54454949
772073 278967121
292563075 513275500
360349457 228289240
481040557 96097756
151966015 443973211
87207823 106962433
200809181 96935521
679777645 339709174
840138041 339700051
194114995 345615777
238483995 850539998
61545912 81686117
30471838 22288197
465516021 181270321
27338473 516159865
6382095 10865767
193247443 14025004
190523081 263933671
46218481 12507969
49489894 241303663
510450769 108376685
716014629 110984091
148801591 128621461
4073 326682851
152046049 46413641
86744197 144934421
552940889 352507901
180311198 86667653
432306521 188537105
125168086 346188221
1607041 40318305
289627021 261892549
479594821 476186689
358729320 953153
242514539 303441221
14307397 190411105
342090299 865887219
4986966 145652311
49589407 128400697
903700127 340688005
122713396 395112544
52594445 177719428
13482685 12698967
603195931 235982161
48469409 135374367
22345399 166641289
11828262 191334507
79035617 137887798
18391411 397542637
170841986 47214454
170784097 674537678
2613736 249313533
160387109 78418513
385007773 87758744
376091771 34099007
354590521 255048157
9001409 190644406
300723501 502981076
340694495 67753897
260085351 562508593
322725213 450532098
4516289 56472193
268274161 72455557
19763745 133437781
86066861 112463911
23866756 48146176
29212795 16015462
314873573 210043899
402582433 435317086
1198407 116120753
123793195 263201401
11731111 166941881
7501621 18961
438803443 169522725
404428637 420937344
150448717 39752473
29435671 275096449
207637963 119264113
205442953 514853429
14807873 17545585
22015633 448862545
36889931 147707257
331269121 531168469
288620641 98720734
206794225 23125932
9774016 117852639
211823193 763973647
100073170 64591791
212377460 102097018
273125811 97134231
7464281 19940952
689921929 2676276
129015127 227754424
23769921 272537129
175866816 30626749
1181377 28768321
85486059 89887909
87508181 287537497
408114721 9205465
680966977 138118867
106875136 274803361
131756032 290973382
198921274 6590425
535253599 250432347
909863863 596019738
18577836 518410321
135243669 169396302
125388451 394424941
306050200 755686
418680019 17313507
349043071 97570124
37824248 529770589
69428001 91424377
11367669 3254941
336539719 156242957
188265319 45818261
121742416 52192530
315490366 39393124
513459976 128406979
164385517 42745009
622864129 58453099
361347392 736342885
283462291 106748209
246867373 421560889
73306568 78302593
328856705 174922289
14101777 186033524
9726185 260168247
317218749 559728513
11264001 119817028
322229371 765264865
58032959 49063682
2077622 103633363
129420621 237169257
24964177 509165641
485727001 10980401
495997041 108564977
717801958 229406265
14064373 164452541
69962257 319204040
186495476 16376853
88623901 2017705
412057933 879747
101024243 106111968
371627125 318013997
544203253 482246796
622136980 72898408
247442365 445322593
723135943 11373562
339949230 778964605
728500956 73926237
181701382 903797076
228435439 504545449
437970721 460637551
39284279 2932957
32799169 451751015
77158443 346938025
253637413 487144744
67481191 523073233
28660913 5597101
53837917 549275899
463641326 183909601
43765483 138306432
184134549 83016001
323107257 49239931
576042433 13710361
90285713 51206937
310429926 433845001
85076705 572803141
155754809 260430441
488934145 194640565
530074921 516837854
704473316 353189162
420081603 628137420
7367725 127936341
75234213 138690140
26645053 84955036
285084812 317440174
285640289 232991191
101183251 126684745
3860429 857238861
637589824 3117057
376785676 343520818
311197825 198199090
163696828 25769776
104482400 9769561
258081344 11827521
227880215 286933791
704517529 193556858
350218559 40232426
64145638 446596310
571868347 113247159
476043689 31043699
97671745 46371976
195538002 260807977
311562835 14928800
162779 322256995
504067418 7809649
85311947 190985145
296262088 68957461
123241097 986659601
883803605 318048717
158105501 560260482
146325423 128211105
302212301 78808929
355907917 193590223
565546465 21325315
423956449 47840499
428609159 24869001
44724961 746705961
562977298 25253908
45244859 358021819
867598541 390772849
82537521 585012862
110429756 58538369
28084885 44562961
175500081 398680963
122799313 191299307
120824045 960392161
208197251 153529313
215472961 583509564
339715624 220907890
429136091 724078021
17952949 304072756
89847323 93996783
508475001 576974105
351602903 349623169
428464865 54415893
32906661 146377452
103303859 452617521
182106775 458401529
73862657 72090601
20152159 187248651
180264971 109873926
85009891 110340701
740941386 493899793
192822619 203138806
282000126 117138421
11210485 230691233
286527307 190994451
400590271 161155567
14259235 62737377
527158297 54402275
372529210 503243470
1854469 96086049
207740417 535811641
211203865 30780113
18471696 111358453
185299050 38403857
29970023 754105726
607471867 109365376
124380061 62120135
131927446 46907701
49496581 311320460
684216643 489429761
148652225 72925517
259547361 344220897
92612393 97714263
562950609 219960351
136488011 973154391
95159699 513112501
64554233 347330649
69046186 160134031
35097289 3714292
2047459 556246901
60018421 4019956
576026551 49363876
458011621 212787541
213545557 244645
740251441 170456110
324124851 476918701
55320076 34348441
524248751 169810901
198773873 402196600
116443921 31433671
481891873 326730925
22844548 122346817
373992085 191463455
264451825 251006569
16540441 173122336
15633991 438881521
278867238 1929357
593541177 270740881
495037886 344077733
39743196 515597993
3683425 133930421
224816417 57177592
218876817 461816299
30136965 570651874
13060191 443538721
500472256 283102973
101497159 191015817
29563651 70684678
349501505 238835921
182703012 81928367
53110041 559344409
242306632 583592031
91497065 226916791
399981801 26656514
144126625 163189121
768099370 416777082
537106986 8490175
104742737 51915621
7166553 194261761
27277951 33001122
266088939 21684814
122367889 475148521
294630001 32244031
114996623 169697251
65786001 307557225
11320177 291930619
206684944 140942866
108260929 5858993
239853417 61626361
78954945 54304711
334486593 49817651
916530691 67354330
769196330 166514509
5809207 163438381
412302300 304488423
4261374 93527983
654857106 251031355
114379201 127465976
313377175 524510701
555496066 376554551
891531585 54304561
249759745 47880891
82039693 172663888
247837943 295045633
41858693 925345071
640037728 476398441
193410265 50958970
318655933 417869569
58898493 116272626
938132801 52404275
159721227 150336067
409816245 29033016
552094901 218059137
123617544 661221019
574924276 21947948
165045952 271370384
546406687 48417087
433352837 902524417
15824368 489535369
831330856 481053391
328938050 363208484
859613692 53246870
363786267 134143121
115513763 78880264
270540908 73192917
386729227 81694021
53320433 492813031
437166811 75238417
145002529 304520185
142339926 398517661
90423153 45175623
955551025 458794081
75933775 206378069
341215545 472195725
174735793 77559961
329407889 290416221
625282321 191808319
190287793 15835951
222274625 6286341
31843801 238817478
195077551 550733689
27671617 404799163
55598658 371314626
460411701 388934657
766928636 244946413
454479109 317546653
247633426 138807676
223788169 128950375
750697773 203216869
192536514 231519471
156399073 725768785
736882397 617726833
229525246 633293185
7785726 623150998
122530426 82946839
93205201 99200113
120989265 457281199
571900001 134062909
757998154 55356130
560878978 7194976
498460485 302655931
380143831 566953753
275905671 60365588
488575489 392916897
2723321 35726921
690886306 271865878
678008755 310225411
190672495 532866936
132205969 247492857
101085964 293648291
171918651 10056277
537602131 720637813
47417553 314699821
52793053 37251154
422228438 995068161
654480961 91546786
261558481 692182828
73728630 97473283
104955089 390512413
455196529 64724898
51987257 455224641
210960481 164516023
930091771 260636139
146405257 371975056
960224035 19010170
655579041 87852667
313815244 445165267
45945521 706347111
760048417 114177857
55514239 255645131
421545793 467839044
704555581 386623441
740024716 155251841
140936977 53863006
28064359 25087745
125013211 277248321
372819244 52154545
744946288 291924087
269938501 159136261
122825 421861615
480194992 351761265
23999361 313966207
115913269 4412127
878692809 210472138
175881971 100699017
126887869 37757017
606901870 391980127
91920505 2744497
37343557 24867990
23381911 916128641
804671701 67313921
